3,7c3,7
< 1 2 3 4 
< 4 5 6 7 
< 7 8 9 10 
< 10 11 12 13 
< 13 14 15 16 
---
> 1 2 3 4
> 4 5 6 7
> 7 8 9 10
> 10 11 12 13
> 13 14 15 16
11,17c11,17
< 0 1 2 3 4 
< 0 4 5 6 7 
< 1 9 11 9 10 
< 4 15 17 12 13 
< 7 21 23 15 16 
< 10 11 12 0 0 
< 13 14 15 0 0 
---
> 0 1 2 3 4
> 0 4 5 6 7
> 1 9 11 9 10
> 4 15 17 12 13
> 7 21 23 15 16
> 10 11 12 0 0
> 13 14 15 0 0
21,27c21,27
< 0 -1 -2 -3 -4 
< 0 -4 -5 -6 -7 
< 1 -5 -5 -9 -10 
< 4 -5 -5 -12 -13 
< 7 -5 -5 -15 -16 
< 10 11 12 0 0 
< 13 14 15 0 0 
---
> 0 -1 -2 -3 -4
> 0 -4 -5 -6 -7
> 1 -5 -5 -9 -10
> 4 -5 -5 -12 -13
> 7 -5 -5 -15 -16
> 10 11 12 0 0
> 13 14 15 0 0
31,35c31,35
< 11 12 13 
< 14 15 16 
< 17 18 19 
< 20 21 22 
< 23 24 25 
---
> 11 12 13
> 14 15 16
> 17 18 19
> 20 21 22
> 23 24 25
39,43c39,43
< 21 22 23 24 
< 24 25 26 27 
< 27 28 29 30 
< 30 31 32 33 
< 33 34 35 36 
---
> 21 22 23 24
> 24 25 26 27
> 27 28 29 30
> 30 31 32 33
> 33 34 35 36
47,51c47,51
< 21 22 23 24 
< 24 25 26 27 
< 27 28 29 30 
< 30 31 32 33 
< 33 34 35 36 
---
> 21 22 23 24
> 24 25 26 27
> 27 28 29 30
> 30 31 32 33
> 33 34 35 36
55,59c55,59
< 23 24 25 26 
< 26 27 28 29 
< 29 30 31 32 
< 32 33 34 35 
< 35 36 37 38 
---
> 23 24 25 26
> 26 27 28 29
> 29 30 31 32
> 32 33 34 35
> 35 36 37 38
63,67c63,67
< 23 24 25 26 
< 26 27 28 29 
< 29 30 31 32 
< 32 33 34 35 
< 35 36 37 38 
---
> 23 24 25 26
> 26 27 28 29
> 29 30 31 32
> 32 33 34 35
> 35 36 37 38
71,75c71,75
< 21 22 23 24 
< 24 25 26 27 
< 27 28 29 30 
< 30 31 32 33 
< 33 34 35 36 
---
> 21 22 23 24
> 24 25 26 27
> 27 28 29 30
> 30 31 32 33
> 33 34 35 36
79,83c79,83
< -21 -22 -23 -24 
< -24 -25 -26 -27 
< -27 -28 -29 -30 
< -30 -31 -32 -33 
< -33 -34 -35 -36 
---
> -21 -22 -23 -24
> -24 -25 -26 -27
> -27 -28 -29 -30
> -30 -31 -32 -33
> -33 -34 -35 -36
89,93c89,93
< 0 0 0 
< 0 0 0 
< 0 0 0 
< 0 0 0 
< 0 0 0 
---
> 0 0 0
> 0 0 0
> 0 0 0
> 0 0 0
> 0 0 0
--- Lab2Output.txt	2020-09-27 04:29:48.000000000 -0400
+++ Lab2Output_sol.txt	2020-09-24 19:26:38.000000000 -0400
@@ -1,94 +1,94 @@
 11 27
 5 4
-1 2 3 4 
-4 5 6 7 
-7 8 9 10 
-10 11 12 13 
-13 14 15 16 
+1 2 3 4
+4 5 6 7
+7 8 9 10
+10 11 12 13
+13 14 15 16
 
 10 27
 7 5
-0 1 2 3 4 
-0 4 5 6 7 
-1 9 11 9 10 
-4 15 17 12 13 
-7 21 23 15 16 
-10 11 12 0 0 
-13 14 15 0 0 
+0 1 2 3 4
+0 4 5 6 7
+1 9 11 9 10
+4 15 17 12 13
+7 21 23 15 16
+10 11 12 0 0
+13 14 15 0 0
 
 10 27
 7 5
-0 -1 -2 -3 -4 
-0 -4 -5 -6 -7 
-1 -5 -5 -9 -10 
-4 -5 -5 -12 -13 
-7 -5 -5 -15 -16 
-10 11 12 0 0 
-13 14 15 0 0 
+0 -1 -2 -3 -4
+0 -4 -5 -6 -7
+1 -5 -5 -9 -10
+4 -5 -5 -12 -13
+7 -5 -5 -15 -16
+10 11 12 0 0
+13 14 15 0 0
 
 10 25
 5 3
-11 12 13 
-14 15 16 
-17 18 19 
-20 21 22 
-23 24 25 
+11 12 13
+14 15 16
+17 18 19
+20 21 22
+23 24 25
 
 11 27
 5 4
-21 22 23 24 
-24 25 26 27 
-27 28 29 30 
-30 31 32 33 
-33 34 35 36 
+21 22 23 24
+24 25 26 27
+27 28 29 30
+30 31 32 33
+33 34 35 36
 
 11 27
 5 4
-21 22 23 24 
-24 25 26 27 
-27 28 29 30 
-30 31 32 33 
-33 34 35 36 
+21 22 23 24
+24 25 26 27
+27 28 29 30
+30 31 32 33
+33 34 35 36
 
 11 27
 5 4
-23 24 25 26 
-26 27 28 29 
-29 30 31 32 
-32 33 34 35 
-35 36 37 38 
+23 24 25 26
+26 27 28 29
+29 30 31 32
+32 33 34 35
+35 36 37 38
 
 11 27
 5 4
-23 24 25 26 
-26 27 28 29 
-29 30 31 32 
-32 33 34 35 
-35 36 37 38 
+23 24 25 26
+26 27 28 29
+29 30 31 32
+32 33 34 35
+35 36 37 38
 
 11 27
 5 4
-21 22 23 24 
-24 25 26 27 
-27 28 29 30 
-30 31 32 33 
-33 34 35 36 
+21 22 23 24
+24 25 26 27
+27 28 29 30
+30 31 32 33
+33 34 35 36
 
 11 27
 5 4
--21 -22 -23 -24 
--24 -25 -26 -27 
--27 -28 -29 -30 
--30 -31 -32 -33 
--33 -34 -35 -36 
+-21 -22 -23 -24
+-24 -25 -26 -27
+-27 -28 -29 -30
+-30 -31 -32 -33
+-33 -34 -35 -36
 
 The first two grids are not equal
 The first grid has 5 rows and 3 cols.
 10 25
 5 3
-0 0 0 
-0 0 0 
-0 0 0 
-0 0 0 
-0 0 0 
+0 0 0
+0 0 0
+0 0 0
+0 0 0
+0 0 0
 
